5092
2789
4962
5092
5493
3201
5204
1517
6496
8677
6913
2318
8699
6913
252
8677
8656
6133
4628
6945
8656
5109
8765
2789
6496
1184
3195
8607
8980
5109
6343
6159
8325
1635
5522
5493
6549
1692
8954
2556
9912
2544
5799
2544
1499
1001
7198
6999
6298
9650
9650
6456
8229
5984
6957
5272
8179
3584
5906
9948
1411
6345
6345
9395
3195
7726
4699
3840
4710
8677
3388
4785
9138
7605
3634
5582
113
872
8954
9465
4429
4195
6606
4710
1823
5542
5822
8450
9993
6110
8490
8490
8585
2998
244
994
453
3989
5773
4368
7233
3088
2396
7784
4368
4368
6349
7691
5794
4408
3907
9865
1466
8407
4964
6844
3634
9865
1466
7919
5272
1531
3989
5582
8262
3109
8262
5199
8904
4598
413
9758
9947
6457
413
413
413
4737
9431
2957
7630
4737
2543
8269
4368
8921
6880
1162
2229
9759
5516
6770
8420
9524
6810
882
6853
5466
718
5466
1892
4108
1607
4893
2118
6668
6810
8045
7627
6583
6760
4587
5043
9431
4904
6715
9813
4108
4637
8045
6583
1940
2229
9049
6663
3096
3096
7088
6479
1162
2396
9431
2202
8250
6980
1635
6980
7784
2173
7296
7526
5723
4367
4367
2202
2013
375
7983
3882
872
6955
2997
6663
1373
6913
7198
8700
4937
9971
4013
736
3108
852
628
1466
9733
884
6602
6954
9085
3457
1084
1084
1856
2543
4610
8017
5109
1940
1856
5542
2789
9733
5331
447
8583
768
3143
1649
2646
1940
1549
2086
4594
1607
1940
6972
9124
4509
7183
5710
1025
7229
1162
5376
2568
882
581
2464
2173
3967
541
757
640
7991
9760
9760
2618
2476
6422
3479
8487
882
1312
4157
7234
5558
5558
5101
464
6887
6110
5101
4699
804
8491
4586
5228
9760
9760
2890
7764
9959
9959
5366
718
6110
191
417
6549
191
9136
8672
7675
8672
3253
4157
6546
9256
7185
3375
5748
1291
6315
8430
8430
9256
8017
2532
3586
8905
718
2332
6336
8407
9989
1635
7722
582
570
5114
9760
1347
5645
214
6226
7892
1043
5419
9760
3864
8804
463
3730
9903
1025
9243
8932
5088
160
2568
1069
8700
8525
1783
7553
4200
9243
9363
1069
2303
9548
2303
2303
7816
8905
1825
1049
105
4893
2843
9548
6466
6466
1180
4190
2783
8919
6401
8323
2112
8600
3612
1261
5238
645
940
7826
6981
4025
875
9121
4666
9301
4096
1025
8134
1635
1268
6116
6606
1204
6453
8134
6546
6177
4413
8697
1378
6880
8050
8134
8134
1635
1241
1180
8222
2479
2703
2115
5875
6606
3967
5875
404
7861
8600
640
3967
1635
8525
8938
6466
3592
3015
3955
8525
4413
7043
5998
3201
8465
4822
9083
2768
6177
3251
4096
9593
2768
8323
8465
8465
8050
9083
9083
9083
4800
5238
307
4822
968
9861
2320
1549
2768
9363
7220
3704
2479
151
151
4755
4405
2967
6880
8932
9558
4555
2741
458
6099
8997
463
2481
307
8892
5043
645
4711
7826
193
4711
8997
193
9593
5427
7826
5545
852
7277
4387
621
7647
6724
5294
9378
4179
1579
7524
3445
3538
5287
7779
197
174
1570
4326
6655
8493
4673
7221
7622
4572
4179
6768
5582
6418
4393
6203
931
3784
5294
3426
3299
2999
4292
8522
3479
1847
3849
742
2164
8997
2308
3306
8492
4279
3849
4572
2532
5979
4514
8935
4774
4774
9157
1579
4279
6431
2950
6418
4680
2741
1312
265
1065
5791
5906
5906
7975
1271
5419
9758
6980
317
4540
4540
5419
4540
6328
8735
1477
5294
1477
6299
7058
1793
1347
2308
9131
1767
3612
2638
3265
4383
4383
7088
105
8997
6877
6980
6424
3426
1049
2999
116
116
736
8502
7858
1049
4179
7058
5544
2966
5875
736
5544
8648
7229
6606
8433
5452
1587
736
6855
6623
2206
276
5341
5788
4393
5215
2171
5480
8938
8997
2119
5544
7178
5880
2994
5050
413
5065
6955
5480
7915
5206
7930
3193
116
9366
7171
1825
5419
9865
7171
7171
6895
1587
5069
9830
357
7890
3193
338
4835
9875
197
197
2431
7679
8792
3233
197
2106
338
1049
5942
5452
3916
768
305
4737
2431
8142
6826
7178
3713
2569
7906
3713
4185
8869
4749
5597
6880
4749
5942
752
9620
3405
6185
2164
8980
3050
1943
4292
6173
7888
3040
2112
1250
8725
4509
4296
2112
2112
2575
3222
9784
3865
5231
7858
2547
6732
2487
752
1531
9781
3377
3121
2106
2813
8045
8045
9865
3377
2813
3405
9052
5344
6491
2994
8938
5480
2994
8938
5034
5034
837
8980
9875
2611
1152
357
2388
8168
9650
5875
9362
6357
4910
5875
2575
8045
4572
7836
6972
4124
8045
6299
8620
7156
3248
4691
1565
1968
3559
3835
5895
3559
5027
9083
2442
8697
9795
2388
1968
3166
6185
417
3835
6972
7339
3559
5582
2187
6293
1696
7255
9368
3607
1025
7417
4607
2447
7006
6392
6392
7006
6350
317
6724
7653
1548
2101
7103
7165
586
5895
9829
6786
8045
5552
7198
5
7008
7389
5019
8652
5552
5542
7484
6965
1587
6880
6682
2256
4484
2219
9758
6583
1527
6786
6071
9251
8735
9378
1106
9251
9758
6786
2946
8802
4195
2442
9195
8242
7417
223
398
9201
6418
9527
398
4416
7467
105
8210
417
1951
6201
9525
2256
2256
8553
6366
8140
9585
9368
9368
6766
8469
4124
9025
7183
8374
5623
2320
8242
1005
2674
6609
1586
8242
2565
2590
7784
7281
5076
804
6293
7081
8236
1587
6609
8583
7726
4474
1083
3426
2965
9527
7081
2565
598
6583
773
8854
7103
7570
7465
1271
4124
9119
2715
8703
5404
5459
8832
2101
7196
4023
1089
9472
270
7611
5294
7611
6726
1587
5340
7196
4806
2643
3139
1892
1696
7255
522
8695
9618
3375
7417
3369
9080
4822
773
773
7524
773
2013
742
4686
773
6760
3495
8962
9362
1058
4822
5866
773
8351
3338
5128
5988
1697
2556
4826
7405
7405
5128
5989
5989
522
2013
2730
1981
1793
4586
2877
5634
5137
6725
9174
8152
4098
9795
4098
768
8620
4098
4586
768
5634
3631
223
1900
6901
4098
2645
8216
4196
3222
7360
4846
4783
4846
3798
2921
5188
4155
1997
4196
1657
1677
497
497
1112
4938
494
6202
1031
992
7237
2603
933
1725
4789
4694
5323
9136
5643
593
3402
4694
4680
7237
9136
9136
6238
6178
6787
4994
8110
9563
5723
3006
6787
388
8492
7232
2994
3445
1021
4222
1322
1842
9912
7912
271
9860
7360
388
4647
1947
7254
6296
1292
2731
3369
7308
8239
6502
3402
6525
1621
7308
2171
6825
543
927
8142
543
4391
352
5939
5203
2603
4326
8936
507
6934
1850
701
4257
1648
9759
3412
7622
2603
2653
7895
1913
271
5626
6090
5626
3679
3121
5489
1835
1473
3593
8261
8522
6188
9299
2831
4437
9431
4680
311
9142
2831
9431
1292
940
846
7731
2091
2760
8142
8437
1814
1645
2053
5222
3948
5332
5075
6348
5332
1614
4802
2547
7758
8905
1645
6117
6916
9124
8454
1947
8905
4095
9011
5679
8323
6296
1122
7141
3291
5953
9704
7727
1295
5222
6117
690
5203
4949
3081
398
4949
6502
4694
9087
8936
7103
933
4145
8531
4155
1069
4610
6337
3948
6296
4136
593
1363
7692
8314
617
7794
2151
7692
3783
7794
2151
632
2327
7731
639
5099
2480
2630
7308
7174
2426
6348
9795
9441
65
8982
2917
6004
8171
2532
3797
2532
668
76
2734
413
193
7924
4478
4478
6305
8748
193
4478
8173
199
4814
8079
8460
4814
2725
8020
9744
4255
6715
5410
7210
5410
5420
7999
1286
3532
8455
3518
3121
3064
3101
4809
3951
1306
9441
2090
9951
1634
2730
2730
4173
7118
4809
6337
8735
8735
4145
6296
1551
4368
3763
8251
9087
3668
9951
9951
6715
3553
1609
5036
2730
8919
8276
2457
5432
8921
9593
3864
3975
8921
3366
2947
2730
3438
7516
1553
8493
8954
1306
3185
7416
5038
2165
448
5509
2664
2951
6459
795
7118
3006
4275
5169
7345
6630
4069
858
6284
3781
5142
6340
5609
8982
6949
7308
3107
9162
5317
1436
3723
9232
5645
4297
6152
5331
4789
8848
222
6296
7722
1122
1297
4789
9524
9905
1436
365
8881
5630
7234
2800
7234
4636
2165
2481
9807
9915
5753
9915
3394
1306
9776
8585
7538
9833
4006
913
1699
9688
5649
2638
1699
1609
2165
3723
1655
1103
3107
549
4389
6929
9654
1647
9654
6004
950
5420
3366
2042
5420
2353
5420
1293
2353
4659
4275
7257
2581
7649
7649
8099
5420
7728
4659
5794
9025
199
7728
4006
4754
2800
7416
4326
5630
1748
6089
8276
4523
3797
4135
4610
7841
8099
8735
9674
9674
5525
7257
9393
6225
212
2581
684
8553
1139
7346
8140
8233
4135
2119
169
4610
8251
4437
1496
3450
2951
4196
3252
9713
3331
3329
5014
3329
3450
4437
3329
6388
448
8590
2835
4165
1553
8043
5100
1553
5822
456
4165
1402
3698
3778
3400
448
3969
4257
1519
3532
2362
5014
5780
3544
3716
5822
8922
5014
3778
6004
2951
1634
1609
3331
3331
8922
8110
6506
7902
1553
3698
3698
4849
2380
3450
3222
2159
6224
1977
1254
1977
6462
2615
6089
4214
7325
3955
4573
3955
8714
2097
8323
2548
4530
4846
317
2097
7591
2242
6457
7618
5100
7006
1102
8714
1439
3706
940
940
6089
874
6089
533
7227
7227
7950
7950
3501
614
2927
2145
9261
7684
2145
5520
4968
6545
2565
43
4659
4659
3264
8754
1977
2587
9293
5513
2443
1697
1730
4464
9300
3675
9465
1929
7150
1173
2762
6820
4446
7490
2703
6335
5128
6380
6483
6962
7700
5543
6969
2411
8924
4244
6417
2600
3671
2352
2411
6544
3671
6820
9645
3242
8054
4244
9853
3538
2548
4244
9190
9862
6190
5909
3532
2380
5999
724
6554
1386
10
3700
6417
5203
9679
6969
8323
3242
2235
3727
2235
8224
7585
2945
6582
2193
2128
3242
6619
6619
3156
9293
4326
1210
2955
5901
3532
3821
5641
6452
986
8294
6973
5705
4701
735
7254
991
5566
1250
4943
7908
2928
4041
4690
7731
3730
4943
7622
1486
3773
9053
605
9989
605
605
5525
4636
2007
5249
5249
5036
1597
3922
2002
6668
3313
4798
8477
4798
6405
2604
9877
9645
2850
7120
1597
9759
682
5851
6913
9353
4963
4653
8493
5173
5583
7810
971
3017
421
3048
7684
4032
8732
4032
4138
2007
4742
9347
4810
5131
9243
421
5131
1570
841
8251
8355
767
960
5131
2347
7417
8565
8565
7688
271
5221
9761
9565
1069
284
1069
8668
3296
5947
5187
4393
4184
5187
2734
1987
2973
960
3727
4913
4142
545
1297
4655
5238
7453
940
4075
636
5318
9649
8406
9639
9123
1206
2530
8527
7791
9692
6226
6262
8110
674
6633
4160
4160
1439
5203
844
4440
2530
7791
2624
167
8110
4075
8724
6421
208
1396
5014
4165
1131
1396
6732
2349
6226
2349
1131
3868
3129
9974
9974
6949
9974
5291
317
1436
9974
8624
9244
7139
3442
9692
5318
6968
6006
6786
6786
7139
2686
3107
7150
6949
3065
3254
6198
1374
9862
5155
423
8527
9894
9558
9558
4368
8527
7684
2541
7217
5286
609
1636
2480
7261
4770
6262
1506
2480
2351
685
8966
685
3513
5019
609
4690
4540
7217
1981
1486
3182
6224
3772
6501
6198
5508
4879
2542
1499
3177
5516
2007
5537
8940
6006
423
6262
9958
7009
5328
2927
6887
1981
961
5154
6684
5879
6544
1692
966
5879
8156
8052
423
8156
9560
6006
9301
2120
3142
9231
6006
8052
5154
6965
5101
6006
6965
2674
6138
4326
4206
4206
8966
8047
9737
423
5606
1486
7245
9123
3121
9301
9542
966
8967
7537
1206
1987
8668
874
5583
8909
5063
1771
4334
9290
1486
2543
2790
3454
8535
8535
3101
8795
8795
5488
4966
9809
4183
3965
9560
7360
4705
1257
9705
6790
636
1068
1068
3116
3116
9809
3012
5312
8833
1291
5079
4968
4389
2162
2136
9737
846
6561
4909
3604
5128
3101
6949
3869
2144
668
1619
2312
834
8954
346
208
31
3404
834
3834
6934
3834
4389
6343
4335
6949
6343
5287
6927
5900
834
2547
3647
7308
4707
5658
6724
6925
8572
2749
2749
7643
8152
7314
7643
7314
9022
8902
1071
1071
9650
7229
1041
9020
6802
515
9563
1071
3372
7229
3731
269
7229
1222
5669
8964
8762
6929
9650
9766
9247
4338
8272
6463
8324
7321
7652
9455
742
9334
6518
4849
687
2325
8600
1013
6463
7321
6979
9855
994
1217
9747
658
6721
5945
8324
1003
3139
1003
7091
8642
8642
9237
7229
6929
9237
2569
3785
1821
6647
9563
4293
1392
9563
687
5854
2569
7720
580
1041
2418
7720
9020
9723
687
4591
433
8845
6979
1338
8195
8125
8120
3372
5488
7479
5311
1746
5923
5923
9917
6609
6565
7479
2356
642
490
3768
3012
8562
9115
5923
8195
8624
2418
5694
5488
992
1266
1495
8624
6609
430
5320
318
5351
1964
4418
6154
2690
9481
9443
5372
5008
9313
3269
9481
4655
6294
5776
7875
3763
7910
3253
3499
6352
6661
9683
3253
3253
7252
356
5488
6661
7479
6802
3763
6778
4405
5638
4912
4912
5481
4857
1597
1226
8019
1568
1856
1337
7583
3032
5488
1337
8096
1495
7583
5320
908
7166
277
1597
4505
7852
6299
9481
1337
1308
1337
2569
1058
6462
1897
3372
2252
7495
1058
4509
3199
9217
9720
8120
1358
2449
1821
6034
181
2223
4185
5435
2173
2173
5193
4781
7312
7284
7372
4060
4874
9655
9655
2203
3269
8393
71
5860
1897
388
3269
3032
5059
2449
7007
9481
4345
9933
9481
5059
2988
9164
3245
5497
777
8120
770
277
3269
3378
6900
2223
5641
6101
777
832
486
559
1351
6180
1176
1458
9273
6037
9532
4509
6473
6559
6571
7591
6003
67
3197
486
4134
9532
6003
4509
4603
4731
1240
205
2485
4405
1356
7267
3431
4790
7110
9307
1458
4340
7468
9307
9262
777
6647
8517
4356
6647
8851
4356
2988
7941
6565
3197
7267
8634
3994
8084
6069
5860
9883
6037
3197
1949
6037
8564
1898
6559
4625
7443
8299
7443
3122
4739
1356
7921
6558
9074
5730
6900
1077
2762
4060
3286
6884
3056
9074
3286
9058
9979
1176
7921
3185
1955
4974
8362
1536
1536
3286
1569
7226
4134
4134
1351
1045
1740
9560
9683
1598
8324
7631
9979
1454
7480
4203
5086
3286
7217
6573
6183
5953
7514
1536
5086
6643
9683
6541
5554
3677
2250
5953
9683
4586
1176
6607
6607
4533
6891
1368
5918
7610
162
1084
1382
8075
162
930
930
4921
7212
2627
6601
3791
3791
5335
9766
9907
2969
9723
3359
2531
6658
2689
3886
908
8289
1351
7516
9649
6559
8029
4583
8478
9647
9029
323
810
4533
4918
4623
4739
1240
7261
5918
9691
9479
5726
9629
810
9479
6578
9479
9479
1586
1176
7610
8440
6239
7261
5518
8440
6643
3603
4944
5269
2652
6352
7610
80
7610
7707
6023
3286
4781
4266
3286
9807
4238
1597
1112
9757
8134
4475
7947
347
7133
4972
205
8478
2530
9228
6206
8028
7910
9853
8732
3923
4245
8084
8393
2728
6856
2556
5188
9629
259
1494
1708
8014
1176
5532
2409
8732
323
3481
3499
3603
3842
1708
1708
9251
6023
5746
4461
5832
3012
1377
9910
6018
8569
2549
2549
9455
9109
8562
3166
9958
9958
4463
4596
9685
993
8182
7941
4269
892
4461
4461
5497
8182
6591
3623
8502
6658
6658
8502
7002
6991
1058
3166
5570
1355
9446
8065
7093
7324
1355
6591
658
4379
3073
7737
4379
1188
4379
2223
8667
6668
562
5570
658
4371
3763
5161
6354
3195
2611
7122
9624
7324
7467
8041
2611
8734
8182
9624
2579
3121
8182
1167
2393
6617
9649
5409
7887
4822
6789
6023
7467
1428
3782
4822
6617
8226
5570
2547
3256
7376
5269
4758
5269
4460
4460
4766
1510
6747
1289
1205
4460
1308
9987
4460
9715
9132
4849
5335
8669
4379
225
3195
870
692
9910
6591
7875
3195
6747
9944
3761
3761
6019
1578
5452
5054
3530
6658
4316
6665
1167
6019
6019
9272
6824
384
9949
9949
9272
1565
3804
1769
1882
8494
8322
3186
9273
1723
1723
2261
8700
8700
1768
9029
6403
6124
6403
9029
9029
653
9273
3121
8004
4394
6024
4991
7250
9560
2365
6148
8073
2766
417
7185
5448
4748
2766
1594
7250
9022
5924
2766
4443
1023
7088
8530
9273
7088
930
7088
7822
930
693
116
8530
8530
2240
8530
7961
9365
9748
5614
1308
8734
6683
8734
2716
9748
8667
8983
8333
7631
2556
9029
909
7
6777
6777
2537
3355
4031
7712
6777
3147
1645
672
4879
9272
2537
9187
1723
9219
5628
4025
5232
7123
4992
7366
8224
214
9389
5195
7554
5448
5195
3147
6148
3147
3695
7005
4564
7458
4896
1916
1559
8075
9445
7458
5729
9671
8525
8619
1529
6063
9247
9247
1810
8882
1458
2075
6140
8525
4185
407
3714
388
6412
5981
9842
6998
1960
9842
1970
8261
4459
1960
5413
2556
4653
622
28
622
2962
5641
8478
6647
5369
8624
1569
2608
1454
795
4879
3805
8339
3197
4924
5193
4324
5193
1569
8858
245
1680
245
2445
9968
5590
7958
6637
8825
460
2850
9917
9031
9917
8120
4564
3185
2597
1093
9103
7516
1425
1687
1687
2962
4185
992
3185
7516
1188
7958
3185
2545
1459
5263
2138
5263
7637
992
4346
4848
7711
2416
8151
1459
4324
9031
5082
323
7354
8685
5981
6206
8525
3010
9607
6647
5848
3873
3791
7031
5848
1023
4766
2537
7615
1840
4877
6602
5329
9328
7655
4564
4564
835
1756
1308
2962
5269
8522
4628
835
523
9312
7642
2530
4781
2779
1897
1459
5509
4013
5924
6661
8522
7018
9132
5698
7076
384
4848
4781
4309
6113
8189
6894
8642
6412
2690
2803
3346
8189
9927
153
384
430
2062
2532
154
2532
153
9531
7397
6449
7029
8602
3010
9219
5779
5357
5698
8522
1492
6390
2803
4162
1996
8522
247
247
5698
1091
1883
4692
9109
2988
401
3346
7970
7970
4306
9109
3654
1594
4134
6191
2803
777
7737
9109
1785
5443
7428
7428
1785
9960
6869
8737
2365
8784
3146
3146
6507
9907
154
6869
3836
6698
7579
4896
1756
6143
4306
8407
8073
9729
2850
1658
1220
2627
8624
5226
8163
3024
1633
2636
7703
5367
5116
3304
3304
3199
1770
85
6202
3222
5540
1877
1753
5214
988
8050
1388
922
8920
3035
982
1562
8494
8494
252
252
3648
9109
7583
7517
2942
116
3114
3945
9793
3168
5263
8559
8559
6470
677
3114
7088
3114
5082
3927
308
5782
4817
3114
390
500
326
8515
2005
5367
8050
2235
6431
1600
9627
9895
6390
6390
6499
5805
323
419
5056
9885
390
4882
2585
6332
9232
4787
2429
4635
3752
7787
5996
5214
324
21
4699
2429
5039
7963
2269
4562
4635
2429
4155
1562
7296
934
7716
9858
7823
1388
7065
188
6601
3614
7065
7490
8366
5339
2091
9145
4155
534
8137
9879
21
3222
8210
5733
5733
2235
9664
3296
2621
1562
3986
2760
6784
8755
3168
9295
8054
696
521
6146
521
172
5621
3927
3149
3149
2760
9319
5435
3697
6076
3697
4968
7
4241
3016
6279
4001
5548
1221
4605
1427
3732
188
8224
6015
6515
6249
8118
2718
6975
1887
7167
8409
9895
1785
3121
70
2760
1874
7473
7787
5548
2760
7001
2578
4031
3986
2670
6027
3986
9664
3986
6463
9189
8224
252
2284
6132
8366
4031
1349
366
321
7608
7608
4120
9389
1349
7176
7066
1221
4713
4583
4120
4120
8843
8843
5975
3462
4583
6455
9493
8761
6798
8118
5718
9344
2935
9344
548
3863
7724
4278
9186
7360
9664
6088
6132
3603
8451
7290
9311
9311
9166
6132
3518
1711
8333
492
7490
1349
7624
7387
366
7360
8972
5745
1003
6512
1887
9295
7823
7543
2261
6060
1206
8280
8524
5896
7630
8362
5818
6940
993
8851
2072
3898
7543
7543
6060
6238
7083
1658
7177
4296
7823
7593
11
5818
7290
3321
3731
7279
3441
992
3122
970
6238
982
3518
4288
4978
4192
3774
100
7290
2262
8037
3774
7626
9667
5571
4626
8037
6143
2269
7543
1711
7543
7543
3346
9272
1886
9316
3301
8600
1168
1168
2409
8866
3731
9877
9344
1600
992
8492
2409
9902
6075
8618
1795
9359
8604
9902
2701
8865
186
3829
9417
9902
9470
3829
2426
3697
4673
4673
988
8846
6027
7673
7963
2875
7986
268
6027
8892
1777
5310
6744
6668
1587
6900
9869
1587
6879
5866
2391
1693
9739
5680
5278
6975
1877
4562
7490
5023
2125
4752
9517
3054
183
7889
4259
5876
8396
3175
8890
5163
1660
9620
7401
7156
7177
2282
2453
9620
6143
6279
4364
7185
3792
5023
8925
6499
1311
390
5733
8274
2828
6262
5086
8396
2828
820
2282
3614
9004
4238
2125
3275
1300
1315
7279
8331
2708
8418
2708
5634
3813
4599
5876
1660
9153
390
5086
4545
390
3603
7266
2842
934
6279
6305
6559
8259
6559
557
3950
6743
2636
8043
5370
9153
9166
6027
9968
2828
6470
2100
7963
6470
3608
5370
6305
5615
6305
2491
1176
8821
7156
9852
8351
1660
8874
469
6146
3039
6791
4021
3222
5745
5975
6429
7279
5975
1163
23
71
7707
9877
6257
1768
9433
996
996
1568
4396
1768
9877
2113
5944
4259
9747
3733
5615
5615
8110
2294
8742
4639
1996
4643
318
8624
3209
1552
8489
5999
4766
398
6126
5000
687
5000
8491
3970
3573
5035
21
6015
1066
9189
8110
2246
3573
153
2027
1203
3233
2407
9025
6566
9853
7336
3233
9189
800
2545
6279
1851
2407
8465
2771
4944
2644
9570
3608
1800
870
247
2410
2391
5809
5809
677
5809
2402
7432
6239
6824
2474
5983
4396
3065
5983
3019
3019
677
4766
5000
7028
2474
9374
4766
1932
8350
8350
8350
2309
2431
8350
5703
2676
1810
913
2335
6296
3733
1932
1415
9478
4419
6279
4604
4787
4152
5264
7099
4419
2632
2284
4733
2567
1790
1099
8843
6637
1240
7593
7836
8054
9606
8972
4858
2982
3669
3379
8972
1494
2284
7072
2294
1226
490
8866
4396
2614
9314
2402
9314
7028
4364
4364
7809
6706
9415
6706
5317
6257
7218
8230
2291
7367
7517
5621
7816
3186
1349
3861
2429
5250
2429
7816
8525
1484
2678
2678
8210
6680
2578
5659
5648
9674
9386
2168
3379
4663
5410
1349
9345
5659
3560
5247
21
2347
30
1769
9311
6015
8163
262
3513
6706
398
1769
4766
4860
8993
7191
8494
8759
8078
4245
70
7581
4814
2461
5310
7802
9674
9674
4748
3737
870
4043
4644
2210
8573
2402
6022
7917
5250
1905
4731
1655
7917
331
1556
622
8339
138
6296
5310
1755
7575
89
9923
2996
7802
624
3008
744
8982
4748
8922
5086
196
8982
4352
9374
4152
5904
7028
8982
8451
8922
4266
6070
8922
3384
8998
1324
7119
4325
9095
7597
8064
6002
795
2100
6522
2449
5817
8653
6063
7099
2596
6730
5264
5669
7304
2910
4942
9852
5924
1033
1427
1015
3131
8546
491
2347
3863
9552
5086
2449
2347
7036
30
8751
1755
622
9552
6179
3384
3932
679
7186
1373
138
4707
4707
2682
1259
6779
783
4437
3026
679
3923
9552
2191
7685
5255
8935
2946
7685
9150
7083
3339
3950
6371
4655
3347
5101
5659
9293
9001
5161
7544
331
9462
9462
6894
1373
1970
548
2792
2792
3185
4805
6998
2701
6349
8339
5540
6821
9399
7771
3738
5056
9293
6877
3738
2222
9910
3738
4364
5388
8873
315
8380
315
5930
366
795
6821
1324
4218
5412
6998
1115
4325
5930
5669
1015
9597
2498
3245
454
9597
4948
2155
3245
4841
2391
9597
3023
702
4378
7403
2792
1454
687
6125
6125
8333
605
9399
8759
5953
7897
868
997
968
4095
1484
46
1427
177
8523
177
9406
177
372
5056
9406
1427
8397
6125
6901
4264
8824
3945
3131
5056
4251
5924
2910
9923
8653
3189
6407
4238
3308
9627
5247
7626
9917
7065
7119
7926
6680
4976
8380
2882
3234
9533
9314
5817
4772
5696
8380
1840
7366
7177
2155
9533
3233
9811
5877
8050
8755
968
1552
1840
3608
1071
3996
2596
3996
1071
1326
2284
7336
4787
9852
1865
6975
6816
3498
30
868
8333
4627
9597
9597
5176
9404
3131
9433
8110
783
8110
8380
5818
6750
1547
5818
8030
9404
21
2749
5658
5698
754
6819
9558
8888
6656
5121
2480
7984
5373
534
4440
7984
5868
4518
6995
5282
3809
1569
7192
4205
2587
449
8743
1998
2879
8278
2879
8882
5422
8741
2015
2654
283
4839
4775
7393
1795
9462
1247
7297
9517
659
1569
6652
2603
5922
3076
2415
9237
1795
256
7266
1016
7393
9454
4292
717
4292
7593
7345
6192
7593
3424
6488
1720
2671
2152
3589
3424
2261
9620
4022
8917
8419
3940
4489
583
5563
1769
182
5881
21
586
6893
714
2015
586
7392
7738
5927
7677
5868
639
1720
7297
6963
4292
935
4127
1549
1298
4589
3313
9119
7250
3313
1549
9145
500
8198
4711
601
8278
1569
9801
8888
4702
8888
5922
3839
2066
7645
283
1569
24
7473
1753
6659
4856
1981
1056
5250
768
4711
8429
1370
3529
1179
1198
4007
510
143
8743
7222
8810
4155
257
2289
1056
9285
8805
331
7037
3198
5671
1701
7222
3840
2506
8492
8805
8805
9926
3180
7219
3180
3836
5671
935
1515
5999
1305
1937
3180
1998
1937
8649
256
5999
9656
9619
9893
6813
3633
9778
6364
1513
9145
9145
3454
4303
8006
3076
5281
1179
139
533
1179
8389
2727
2836
2727
583
3619
541
8492
6090
1753
1043
5456
7913
8429
2030
3701
3755
8389
1657
3168
932
6473
6090
2506
3454
7219
5282
4104
6968
2726
116
1008
583
6787
3755
758
5471
932
3061
3755
9237
4000
5331
8798
8170
3701
9656
1008
1513
758
7810
9640
5718
510
3529
6339
8892
6144
9064
9932
9534
5183
1638
8143
8637
9018
5829
5829
3362
3623
8637
6157
5697
7198
1232
1478
616
3623
9648
5647
2030
3261
7152
8006
448
4423
4423
5183
7198
3055
3690
1016
1247
7984
48
48
6863
8191
7519
8581
8581
7001
200
2215
8637
3290
3355
3355
1535
6813
6144
2386
533
2228
7817
2386
3167
3940
1370
7984
2303
3951
1981
6831
6831
4022
5568
6735
2997
4295
5835
2082
7001
3340
1699
9635
4418
9368
319
3760
8884
2767
1828
448
4489
692
8499
874
2415
2415
822
1638
639
7849
6759
9368
4561
3054
3719
6139
2802
8102
5183
4865
6707
639
2753
1911
6689
7321
7321
5732
2030
116
5732
660
7692
660
7321
6707
6735
4080
7259
949
9640
5643
8006
5374
786
1188
7809
3014
331
7939
2997
9003
4696
9329
1838
1838
6181
2277
9743
3128
9743
8616
7810
6641
659
4198
1376
4395
8882
7879
1016
9064
6374
9643
6696
6696
9368
8899
9736
5776
1370
2203
5776
8899
1370
2987
3417
9612
4818
8471
2303
8258
8297
6696
3910
5776
6181
601
601
3591
2347
7198
9820
1376
6689
2499
7582
5721
3836
7810
4266
1188
6192
7054
6735
6735
9552
6192
7879
6810
3479
1838
1838
8238
7001
510
4627
8101
3147
4056
5042
8356
8019
1515
3189
2917
2977
3174
8339
3809
3183
5093
1515
3362
7302
4002
5508
6735
8226
6322
7302
3981
3907
2604
3014
5643
1771
7448
6995
9200
6707
2261
6030
4091
6442
2261
5643
8356
9929
1533
1395
8356
632
9929
6165
8337
1056
7603
8337
2149
7360
6469
9180
1887
660
5373
4481
3100
1407
2040
9500
3961
3164
1395
5067
6831
8868
8868
8095
9982
48
6621
6306
8793
7738
2564
6306
4481
2411
5689
3100
7271
4269
7912
8456
130
6117
8507
7529
7487
7487
7487
1478
6117
8349
3229
5192
1136
7293
8398
8091
4755
8177
2828
9180
9118
4149
8921
6556
5322
4861
6042
2828
1940
9499
2601
9680
8014
4755
9209
6658
950
8349
6038
8672
2601
640
7061
9949
5569
6066
4453
4453
6038
2300
8507
7236
683
5869
5389
130
1745
3007
1745
9680
6556
8581
2917
8456
3149
8448
3149
5322
5923
2704
5014
9770
5559
6090
5559
664
6066
8649
7178
7178
4453
9517
6754
7809
4149
1556
5409
6754
5334
1556
1719
8672
4149
679
4202
9455
8672
7868
3661
2399
5220
5058
2066
2066
1407
1127
1222
8018
4022
4383
2066
1890
5426
9576
5971
7466
1091
5971
8793
6090
5971
1638
7458
5923
9122
7152
3724
4811
3056
8741
7458
9039
9923
2711
8722
4580
9923
2129
2678
6822
9923
2066
2129
4760
9691
7602
900
29
2726
2726
569
2142
9091
9979
939
2351
1693
2639
1169
4022
4144
4144
4144
2717
453
5565
9805
6822
4269
5409
900
8327
1051
6822
3914
1942
8921
4198
1942
2678
5604
902
7425
1623
5371
3776
5220
6261
8962
1549
4927
3404
944
3820
8793
1065
3226
7282
5851
8580
2726
7602
3394
9949
9586
224
1731
2662
7655
2662
3606
3712
9354
3637
6580
4165
2875
3201
8527
270
4165
3575
7282
9019
5798
1318
5941
809
4165
2218
8879
829
6580
8333
6822
8397
8884
2228
2228
1089
9135
3943
3943
2296
4865
8575
3164
1709
8448
3388
621
2668
2872
9488
9488
2601
3791
2601
3791
951
5414
21
4362
4149
9674
6
4149
4152
7344
8550
632
6689
2228
2403
5829
6530
7259
1478
1426
6217
2930
4242
8879
4574
9495
9433
5309
2455
3409
1719
9122
4198
112
1473
7652
7652
2836
8982
1024
3175
1719
5584
7687
2343
5067
9139
2228
4678
4242
4024
8596
5941
8064
1022
7134
9495
9495
6244
5951
9929
7444
5835
1709
5835
54
54
8625
9929
9453
575
9430
2519
9430
2735
4986
2400
2375
5067
4898
8419
950
2290
8096
4580
9294
6066
3525
6228
6600
6961
639
951
8958
1528
4517
4071
5456
8478
2166
1881
3754
285
9565
7037
4071
1998
6229
3379
455
8043
5062
3175
6509
8671
2735
9850
2682
4737
5377
9933
6995
1998
1753
3321
3971
9817
6816
6493
7602
2154
1056
9391
8904
4296
5503
3379
1254
6229
6229
7602
7575
8793
9500
1719
9500
2617
2727
8327
7575
3839
4763
8550
256
6742
1745
6229
7037
8278
6469
2066
3303
7714
9846
5204
6643
3313
9787
701
9495
6643
8958
5060
4156
1376
1657
7152
3128
4006
1868
6652
8397
1753
898
3379
7295
9358
6333
6374
7049
3243
6374
3900
1253
9519
2209
5060
9678
8507
5060
1352
3839
9488
1906
4716
515
6997
4716
1065
5442
9810
2865
2162
2162
8515
4208
8213
7395
7914
4208
2596
9810
6191
4619
9890
1075
4381
3714
11
4045
3660
1092
7149
2919
5809
7348
3538
2596
4045
9032
5386
9020
5986
5340
9020
7227
7882
803
9933
985
4044
5404
7466
1695
777
980
8213
4670
4927
7466
4048
2274
8983
7847
5582
0
4716
7836
6445
8064
5611
7804
190
6074
2016
190
8593
6445
5679
1092
3466
3466
5475
8238
7529
5868
4969
7708
2265
5435
4162
7708
7882
6851
539
5582
2811
8722
4077
6157
2016
4411
3698
5256
9813
4257
9517
1486
1063
8406
6273
2901
6342
6462
1967
9813
21
9124
5722
4162
7007
2445
5339
2745
7348
541
6479
257
8593
8406
2901
1631
3503
4369
3035
8905
3565
3565
8656
6453
3676
2908
5748
7052
7907
3407
6865
702
5034
3471
6865
870
3022
9029
9048
3676
9267
7048
5748
5582
6799
8490
8350
5559
4890
9890
9048
2942
1547
4968
7009
1547
189
3641
1544
3641
1529
6453
5821
1529
722
2913
3140
4968
2687
7864
4861
6851
9724
5779
0
8350
7135
6196
7449
870
2042
4629
2695
883
9739
5889
5809
9739
9248
3676
1372
4345
7824
4534
4534
4629
8515
5909
745
745
7320
4405
2913
883
8758
8395
3579
8213
5779
933
9231
770
4771
8350
3579
4837
4727
206
6611
6453
8450
7323
7824
736
4629
1075
2048
8064
3729
6279
7364
7364
3471
3471
2002
8983
751
8204
3471
6580
553
6580
7348
2002
692
2277
1998
9502
8429
178
1998
2277
6290
2277
290
4968
7705
9216
4968
9833
2303
5568
4809
7864
7293
8578
699
5568
5091
3859
2042
9580
7764
5091
1778
1535
4083
4409
2061
8107
2042
9397
375
375
3140
1372
3140
9982
1841
1065
9890
7163
7466
3183
3183
9890
8490
7163
4409
2210
6864
1278
8455
6371
4446
4446
8424
3183
2921
3946
7191
9763
8706
7227
448
2921
9030
4210
8327
543
6999
2878
2505
3719
8320
4615
3687
6342
3360
2913
3156
1157
5281
2386
7449
7661
6954
5031
814
3217
8983
8855
2675
9216
2924
6389
9108
1065
7641
3661
8327
4965
3140
4075
8064
3859
7029
2386
7302
6397
2303
2303
2303
5064
7449
7
5006
7449
6999
8855
3538
5396
3637
2987
5889
8844
7824
4083
4083
8507
7824
2468
7178
5475
3754
2919
8983
6462
1781
4622
7685
8266
7689
4733
4733
2210
9139
4362
4367
1486
2180
4083
8983
4105
6157
7143
3834
1670
9108
7344
5343
6165
8406
943
7214
5697
4688
4024
4040
948
8420
9056
7588
7588
974
781
3834
7907
453
9436
7683
4081
6363
6295
2758
3649
3229
692
7254
7254
6673
7734
4435
4935
1954
1569
8600
1337
8369
1378
3612
9058
2030
5616
9739
9687
6196
8782
8040
3565
7734
2047
7390
5508
8582
6244
2758
6165
1002
6222
948
7686
3612
3640
9415
2812
2142
1529
2566
8685
9391
2566
8897
3767
5343
2047
8897
6165
2047
8765
7763
8843
425
9557
6902
9933
4449
3767
9625
8940
1144
2203
7331
3224
8843
7667
2296
6490
1619
9625
1466
396
4022
2296
2448
2448
3473
8926
7178
7714
8740
8740
4136
5220
6611
1619
2257
5695
222
7469
7847
7529
9951
640
6914
2617
9840
7529
189
3676
2112
8283
9987
4056
5568
2448
8564
5288
3890
9951
2617
7443
8177
4688
85
2277
4335
4335
6066
2277
3888
8940
5174
5206
5473
5471
8267
4551
2478
8333
3575
3575
2081
8039
8825
8102
8825
4022
4765
7323
2360
5174
9562
9681
569
9427
3729
6418
8357
5479
4132
5025
245
8234
6051
6755
3641
8628
7575
4335
7575
9132
7738
1530
9674
9132
8623
9248
1471
9132
1516
640
9132
8238
8897
898
9109
9427
5195
933
6681
3575
737
737
898
6863
2902
2902
2331
2151
1079
2032
3344
2771
540
6002
2032
6210
3607
2032
5338
7528
85
8768
85
7486
5749
7486
8768
7352
761
8540
9840
735
5471
1778
1144
3409
2774
772
772
6091
7293
6091
8843
1855
7293
605
5339
7641
4065
3379
8245
9358
4035
4146
4146
2295
9439
8843
2473
4600
9137
1056
8843
9048
8637
9681
2081
9358
9217
5396
3125
5351
5084
6722
7570
3470
8258
1855
409
6647
7424
1589
9234
2151
2286
6922
4969
9688
6863
8616
5064
6257
9079
5351
798
798
6112
6269
798
9679
4308
9846
1512
7152
7152
6144
5327
6218
6637
9569
9574
6091
7528
2142
5025
5084
8095
6652
6417
2210
3881
130
9951
2662
9436
798
3149
9951
5479
2675
9846
7276
970
2295
5758
9743
9039
7741
2660
7741
8879
7093
8879
8163
224
5471
9743
8865
6150
9166
3400
7152
3179
7515
5906
9177
8339
7515
9056
6755
4549
6755
8941
702
968
9231
8915
1430
3362
6350
750
3362
8941
1950
5399
8070
678
1950
4809
4136
975
975
9661
9020
5253
7235
5475
6573
534
9661
4472
9913
5868
534
5647
4915
7887
4148
301
301
1106
3649
3124
5697
9996
3327
9985
4984
4270
5174
8759
8759
553
5282
7152
9109
4524
553
8213
8585
8915
3623
6272
3623
2386
3400
3907
3907
8030
3400
1841
6659
1841
7887
4148
5291
5475
1763
5399
8649
2194
3265
6272
6242
614
9964
7469
2868
8906
1802
2112
699
7043
1198
3473
8915
1841
7043
798
518
6215
7375
5779
982
1378
3606
7966
8905
163
870
982
8456
4309
3606
206
206
4704
9537
7610
4747
7453
8585
7453
5565
9985
7009
6150
6150
7901
1170
1170
2225
7772
3966
7515
8672
9597
2759
1392
7515
3966
870
9216
6418
7293
5789
7030
9072
3966
8325
8257
5313
3629
1232
4799
9216
2610
1694
4298
3217
8490
4221
7715
9072
290
2303
7685
4158
4825
8740
2524
5304
4295
5038
4295
3364
4158
9115
2296
7570
8357
7440
8357
933
3149
4783
6389
9733
2617
7811
2524
4754
4335
3425
5243
1247
6890
2610
5338
3470
6397
1833
1002
1841
6397
7440
9701
7192
6573
3470
3966
1392
5351
1392
6058
2759
2428
5351
9072
7422
2228
3125
8325
6890
6091
2228
7993
8175
1172
5163
3350
9455
5163
1131
6165
7526
8173
9645
9455
2249
6237
9803
8175
1050
8814
8803
1632
2748
2735
7337
1920
9261
1502
6307
5636
5002
396
6131
3996
8059
4458
8705
150
9302
1827
7526
0
6132
6598
1231
4738
9840
6733
4738
97
8867
2041
881
7141
8468
1201
1738
7035
1738
9803
9803
2477
8178
8178
6598
1085
9157
2666
4089
77
1991
7863
1645
4573
822
6103
6775
1369
4089
8055
122
8803
5427
5440
7474
8232
1612
2978
7980
5386
7845
8947
3342
1033
6460
9151
3819
9151
7834
6960
6960
4761
2251
97
6866
3623
8434
5440
963
9828
7179
7179
6330
5159
3623
859
358
7077
9224
9167
2209
2209
6782
5615
6168
8737
6186
7381
8613
6960
1690
3565
9055
9264
1085
1769
3474
3208
9224
1023
8175
9224
8105
8105
5114
6460
3565
6839
5975
2978
7258
7803
5977
7803
6916
8227
6683
5638
8227
9844
4461
4461
1462
9844
6808
3504
4963
3098
9300
5114
8867
1591
3422
8098
1043
1591
883
6956
6237
5706
313
6537
7852
6537
5002
6307
6611
5032
2185
6611
4767
1657
5636
6488
2934
5960
3379
3653
5977
2209
2209
1043
931
426
1329
3130
6186
426
6769
5572
8126
6763
6186
6488
4963
8947
1679
2500
9353
74
3756
9973
1033
4774
1904
8064
1645
2868
6611
295
6488
6488
7500
8126
1033
6598
4733
3881
8126
9300
1810
8126
8415
5204
5401
5002
1810
295
5406
1546
6808
3130
7852
2934
4734
7505
4734
5067
9889
6996
9156
320
4526
2626
9455
8453
6808
3762
7910
8743
4576
2437
677
8743
2478
115
7201
8584
5713
4507
9073
7267
7396
2031
4060
9265
4863
6960
5474
3207
2437
3877
1769
3207
437
1064
9783
6313
437
8003
8079
8202
390
8716
9247
4689
107
107
3599
2437
4186
2500
3759
3623
437
1130
1425
5976
3905
8114
3623
9783
9788
5781
7302
1601
3464
9164
8899
6332
1329
3464
6741
2437
6088
6332
5835
5781
6862
6862
5565
569
3537
6996
347
7141
1050
1873
1601
7075
9645
3097
4708
9933
9872
8531
770
770
7355
1601
9933
9868
5114
6088
2031
8114
770
770
3835
6547
7201
1886
7201
4778
9455
3511
7599
6360
9883
4538
2421
5562
1873
4458
5562
3340
2147
2755
7741
9264
715
9184
9820
8345
823
2147
1097
5440
6764
9638
999
8409
823
538
2736
6868
1740
1740
4774
5496
9638
8865
8845
1740
93
4067
5406
715
2147
6159
6330
2435
1708
2993
8609
2120
5807
7247
2626
1593
999
4733
5807
789
7894
3107
820
5615
7818
883
6109
9505
7741
2727
7474
1319
1319
7845
7580
5704
6132
7318
1591
5835
4619
5387
2668
4619
1369
9770
5807
1369
3397
8173
7790
9247
917
7781
4987
690
9455
925
6327
5976
5401
3573
1668
1737
690
2093
2173
2302
7166
5645
5704
4185
1990
1990
6810
7826
7580
5040
1081
941
4359
2522
8825
4099
7781
8663
6330
4708
9184
2800
3972
1737
8213
6307
8631
6647
6330
2917
8531
1737
7179
7239
4071
5293
3154
3070
1066
4860
9638
7466
8941
7088
6345
1339
4860
3422
7269
7258
2602
7269
973
474
2602
7179
7508
3565
7803
8663
9817
6750
4071
8570
6627
4553
6336
6061
5319
8765
7526
7526
107
7056
5976
3326
9172
7526
5197
4718
55
193
5747
6465
5197
193
4003
1400
6278
2627
6109
6546
3144
4003
7268
7268
4281
7988
4359
4359
8527
8527
1201
4249
3565
2612
6818
4056
2612
4359
961
8765
5377
6627
2298
6700
8114
999
8941
2827
8743
7449
7939
1152
2298
9783
8909
7229
3305
2574
7337
4981
1076
2826
5976
665
7988
4354
9828
4381
8615
2393
3455
9214
1201
588
4583
6247
3599
3551
8140
7076
6700
9913
8195
6518
9937
2466
3684
3684
316
5711
6847
5670
8039
7363
7437
5921
6103
4089
5921
914
4734
7437
2181
4762
8580
3928
8980
7437
2173
4583
316
5826
7930
3497
820
7230
607
9470
4777
4705
4013
7437
992
992
790
9884
2435
98
6740
7780
3905
9317
4533
3332
820
7767
4027
250
3332
6851
999
2526
8905
9036
7702
8981
3759
1902
3691
250
1076
3684
1224
3917
7566
4860
8855
4583
463
4166
9160
3623
7647
3180
4742
3070
4542
4860
6916
2193
4860
436
820
8202
3497
7577
98
1339
7170
1339
1165
91
6792
6343
7348
5921
5921
790
1016
5755
9172
5308
9329
3340
316
8584
3759
6336
9913
3783
9975
5719
3571
2140
153
3571
5068
605
8704
8704
7383
9160
88
6743
3332
5719
5226
7179
5427
6996
818
1081
5640
4166
4354
88
7822
4354
3770
74
1804
4698
3902
4072
9106
670
7084
818
2878
2878
9192
2331
6452
2069
5261
7383
6513
6379
9624
1572
9536
6851
4193
4698
9337
3937
3341
1081
6591
9024
4363
2082
6452
7741
8403
1094
4903
5781
9732
1338
2435
8457
9851
5226
4072
3937
7596
818
3091
9595
2788
9752
8913
8387
4734
9973
4170
4170
8191
5000
4734
670
497
9106
7348
6482
6996
9902
316
3723
3571
9059
832
832
99
5472
5298
2041
1050
3571
8427
1010
7383
8427
3481
8191
9891
9106
7383
9891
8916
1740
9950
1338
3551
640
1879
3551
8317
8317
8678
8317
174
8094
4583
4583
4018
4072
7741
6107
3479
9505
8524
4168
1064
3328
6237
9725
4
5921
1338
2419
9752
5921
7876
4312
9572
6215
6237
9499
7876
7373
7170
6314
6958
2705
4056
9200
5921
4245
5587
7876
7509
55
3996
5551
7509
5176
1064
2705
1338
9141
3319
9610
7036
9024
632
5373
1010
9323
3156
7056
3577
6109
6234
5283
9141
7373
313
9536
3305
6839
2224
3319
5587
9499
1064
3816
6274
4352
7437
3305
967
3180
3305
550
9200
6176
6176
8633
6683
5283
2279
6683
9771
5301
5283
4277
7566
9851
5283
7170
9851
9864
606
9642
606
3763
6927
6061
3979
7395
1593
6737
820
1172
3816
1085
2702
437
437
4294
174
174
4867
1094
1509
8268
5297
2878
313
3925
2819
8939
2666
2230
2230
3201
1085
4709
8268
8232
2919
4257
2860
6129
2860
7726
5381
1297
2875
7652
8773
4257
5523
2941
5523
4935
7168
3050
5871
7608
1007
8327
2230
2800
5871
2065
7723
1816
5074
7619
9449
2941
9845
2129
9200
8327
9845
5976
7388
9845
3446
7388
8327
8906
9866
3144
9603
2851
7768
2774
5693
3144
4173
1200
9864
7818
6169
7577
2860
728
9968
9135
1528
7251
886
7414
7004
4755
4983
2465
4030
9905
3060
2354
2170
9650
4164
9987
9905
5381
3060
9151
2465
3551
8377
2826
7294
3139
4253
9838
2233
9284
6847
4660
8911
5639
7294
4217
917
2356
4772
8273
3213
4755
9557
9970
1598
7652
1677
4772
7294
9557
9008
3060
3060
5972
2668
1255
9950
6718
9950
9950
1268
1818
7364
7364
918
2129
5525
5525
5525
8141
5660
5660
7603
6809
4658
9394
437
2892
2083
2708
6203
3680
8459
9104
2230
7509
3129
8580
9023
3166
5205
9502
9866
140
1066
998
8219
9104
4709
2019
1240
2640
3653
2774
3937
8408
9470
3937
9028
9378
9950
9191
7243
4164
886
5639
8459
4381
2160
7776
9968
9191
3362
8408
5639
6935
8110
906
906
1240
81
7768
8059
7768
4018
6718
4018
7768
1960
1066
5474
9917
720
1960
7905
9572
5356
4804
9052
5614
525
5474
6370
7905
8016
3252
6935
140
1652
2766
3262
2279
5614
8401
5090
6534
6370
6713
6592
279
5310
9770
9770
904
9834
1725
5090
6084
8327
6956
9361
2756
6956
930
9044
2239
3200
4013
8327
9191
9482
5418
6983
7243
8726
6128
6886
7671
2332
7402
7305
2499
6886
6935
6537
2499
8727
3905
9003
6935
5629
9530
9223
6935
2070
190
6496
6128
3015
2780
7730
4743
6519
4050
6151
930
5076
8000
5076
4321
5585
5585
3234
5074
9999
8997
8529
9999
9406
6496
3064
9300
269
770
6234
3592
1847
2412
1957
7388
9910
5435
2996
5797
3227
5298
1568
9910
6357
1070
1070
8441
8522
8632
705
8770
8844
5906
8770
5184
9530
2708
9517
5205
6675
6592
5911
5911
6592
9517
2648
9517
1425
2729
9394
9104
1461
6186
1246
6720
2640
2640
7213
8531
2836
2836
9394
8844
9338
4804
2499
8531
2477
2729
2477
233
8770
5223
4450
8727
7294
5223
7373
3565
1601
4450
9178
1809
1043
7818
1809
535
1068
6234
740
1805
8878
1451
1031
8878
9924
1031
1068
1031
528
4579
1451
1068
3956
1240
2729
5780
9772
9226
2739
9942
6537
705
4782
6232
6537
7405
9003
4174
8408
8711
5597
579
7227
9106
9499
7010
1378
789
2230
7299
4658
1451
8915
3119
5069
579
9772
2239
8495
4859
4174
740
9799
2958
5426
5629
7973
8162
2867
579
1069
4253
8911
1069
4347
172
9003
975
9788
5381
2826
7621
8096
1286
1286
1010
2940
2230
2354
2940
482
124
124
5826
3915
9788
2272
2167
2083
124
2958
5544
4634
1088
74
1069
1069
7223
1068
497
4658
4081
7929
1934
2053
1747
2648
2648
4352
3831
8899
4018
4804
3432
5972
7681
9449
7929
6
4392
286
2354
7929
6496
1298
973
7413
1451
2826
973
4111
9669
8002
9679
2867
7893
5645
9679
6101
2981
1023
1581
8102
1322
3134
1872
4709
4709
8869
3565
5332
5401
3887
3887
7251
7607
7055
8032
5446
2374
4619
1957
973
2151
9341
7577
3322
9206
3047
2281
6514
7055
4619
9151
2374
1957
1440
9616
6154
4619
1894
7091
7091
3329
3605
393
8514
2713
8606
9920
7977
632
7977
2350
632
8096
3925
3108
2734
3108
8606
2350
8606
8102
9482
725
7405
3019
9151
9482
7405
5925
4371
3501
3047
9208
1460
8714
66
4479
4811
4973
1451
5552
5099
8863
977
6078
3254
145
132
4371
3501
7618
5645
4698
973
6720
9142
3344
6101
9991
1704
4479
9991
7618
6366
7815
4761
2350
4761
5899
1314
6
2377
859
2117
3474
3634
6720
1317
4690
2981
3329
4029
9028
9639
8756
6534
2728
610
7003
5688
6125
9042
497
9883
8652
1428
3943
2402
1924
3273
5483
6273
6395
1704
4543
2233
9588
8793
8793
199
8419
8046
3943
199
2302
199
1633
8857
4223
9044
2499
3421
8045
2238
9452
2233
9044
6740
3150
6675
3150
4251
6740
9293
2499
458
458
1546
8055
8046
4889
6133
9208
664
3397
6229
3586
2064
259
518
458
1970
1970
2207
1725
6426
6847
1460
5323
6409
3943
9756
3329
3397
2267
6733
2488
6574
4997
112
2898
7384
3537
6237
2030
9406
6992
9042
7693
664
2267
8168
2756
126
4376
7854
5764
5124
8841
8168
6997
3344
4765
4709
5148
3150
518
5752
9775
5531
2875
32
9604
7003
4811
32
5581
9499
9499
6088
8547
8834
7826
9983
2230
5664
7166
9883
9091
7057
531
4371
9983
6468
9182
8869
7305
2640
3335
6088
973
839
2415
9993
6886
2084
2875
4029
3446
2747
7003
9604
344
9604
4857
9746
9604
6494
6494
9604
1190
1526
8190
2878
611
8046
212
212
6712
7500
2807
8046
4211
1043
3975
664
2202
3912
2742
3975
3975
1870
1823
281
281
3397
3475
175
4029
6276
3144
2270
5381
1823
8046
5305
4479
7257
6276
5995
6147
3420
6147
693
7408
3975
9338
8503
5896
458
458
7826
8559
3912
7826
3684
4918
5529
1421
9802
399
4889
7337
1772
3855
2695
4242
9327
4381
3144
3160
3855
7840
1421
4811
2873
1598
3273
6980
7337
5581
2068
7509
2600
7509
1870
133
2873
2068
5312
9270
7030
2210
8845
1271
5074
7764
775
8135
1131
618
705
4243
3862
2465
3324
2279
5606
5297
5312
2438
7355
4532
2323
6712
3344
6265
5297
9744
3260
8899
4532
9028
7765
7765
5297
1440
6747
3344
204
2183
3461
1032
8906
8064
9240
5480
2067
2183
9440
9770
126
8142
8247
1864
3397
330
5446
9440
2942
8906
7030
2746
817
817
3441
8503
1120
6360
1645
6320
1645
1852
7607
4275
1598
2955
2477
6133
330
2279
8391
5401
3273
350
5826
4219
4219
9482
518
2184
8547
7574
464
9799
1440
2513
1271
8418
9151
5513
1271
6592
406
8064
2478
7769
2279
458
8845
9799
7618
485
