41 38
31 16
11 33
23 25
9 44
21 8
26 42
2 27
39 22
14 46
13 24
7 17
18 32
36 43
6 10
15 37
3 20
28 30
45 4
1 49
34 12
35 5
50 47
40 29
19 48
14 19
34 44
40 45
30 26
20 21
29 3
7 36
48 5
13 43
39 16
15 31
28 22
42 38
10 4
25 27
17 2
6 8
46 24
11 50
18 37
12 33
23 9
32 1
35 47
49 41
41 43
20 18
2 6
45 25
19 38
35 15
29 4
44 40
48 7
33 27
17 1
36 30
10 5
13 42
24 49
34 31
9 32
21 3
8 14
12 37
50 11
16 22
39 23
47 26
28 46
1 36
26 15
14 41
3 32
46 31
47 7
6 29
45 21
27 43
22 34
35 38
49 2
44 40
28 48
13 9
11 42
24 10
50 25
5 37
39 16
4 8
17 23
20 18
30 12
33 19
34 24
20 17
49 44
33 15
8 9
10 28
12 50
22 1
23 18
38 11
27 35
4 16
21 42
6 41
5 29
3 14
7 37
13 40
46 32
19 48
30 47
26 43
45 25
2 31
36 39
35 39
3 27
24 2
36 22
8 37
29 26
25 21
16 11
34 6
23 4
18 32
31 45
49 48
30 10
19 42
33 46
38 50
20 15
13 41
7 9
40 14
1 12
5 28
43 47
17 44
27 33
13 17
9 50
3 35
48 38
44 25
37 5
12 39
26 20
18 28
22 23
49 34
10 31
15 36
16 11
6 21
4 30
2 45
42 46
19 7
40 47
24 8
1 41
14 32
29 43
5 37
36 43
10 22
17 3
50 41
14 13
15 18
4 34
2 33
7 28
29 19
25 23
31 45
38 47
42 1
27 26
6 39
11 20
32 35
24 44
48 8
40 30
49 46
9 16
21 12
