92 14
88 121
92 88
14 32
121 94
14 121
32 93
94 134
32 94
93 43
134 13
93 134
43 55
13 77
43 13
55 22
77 133
55 77
22 11
133 5
22 133
11 119
5 125
11 5
119 29
125 65
119 125
29 50
65 56
29 65
50 41
56 31
50 56
41 57
31 49
41 31
57 136
49 84
57 49
136 116
84 21
136 84
116 3
21 120
116 21
3 23
120 117
3 120
23 24
117 17
23 117
24 97
17 61
24 17
97 68
61 81
97 61
68 90
81 122
68 81
90 115
122 60
90 122
115 114
60 99
115 60
114 83
99 101
114 99
83 62
101 102
83 101
62 106
102 0
62 102
106 103
0 39
106 0
103 91
39 48
103 39
91 53
48 78
91 48
53 100
78 104
53 78
100 80
104 113
100 104
80 67
113 63
80 113
67 75
63 72
67 63
75 40
72 15
75 72
40 123
15 38
40 15
123 26
38 107
123 38
26 89
107 112
26 107
89 105
112 1
89 112
105 16
1 71
105 1
16 46
71 4
16 71
46 95
4 139
46 4
95 51
139 9
95 139
51 27
9 12
51 9
27 110
12 35
27 12
110 76
35 70
110 35
76 64
70 87
76 70
64 45
87 59
64 87
45 82
59 44
45 59
82 85
44 10
82 44
85 54
10 124
85 10
54 109
124 96
54 124
109 74
96 131
109 96
74 47
131 118
74 131
47 132
118 42
47 118
132 126
42 8
132 42
126 28
8 79
126 8
28 2
79 86
28 79
2 20
86 128
2 86
20 34
128 73
20 128
34 30
73 138
34 73
30 69
138 25
30 138
69 6
25 58
69 25
6 137
58 52
6 58
137 127
52 36
137 52
127 19
36 37
127 36
19 98
37 135
19 37
98 7
135 18
98 135
7 130
18 129
7 18
130 33
129 66
130 129
33 108
66 111
33 66
108 111
