1 8
1 31
1 56
1 59
2 5
2 7
2 21
2 22
2 40
2 61
2 67
3 15
3 23
3 28
3 47
3 74
3 93
3 95
4 34
4 48
4 50
4 77
5 7
5 30
5 47
5 70
5 79
6 7
6 80
6 97
6 100
7 12
7 28
7 42
7 51
7 67
7 77
7 92
8 35
8 74
8 78
8 88
9 13
9 45
9 60
9 68
9 89
9 95
10 61
10 72
11 17
11 29
11 30
11 50
11 91
12 22
12 28
12 36
12 37
12 75
12 80
13 62
13 95
14 22
14 41
14 43
14 50
14 75
14 94
15 26
15 54
15 56
15 94
16 39
17 36
17 43
17 47
17 59
17 74
18 32
18 36
18 44
18 97
19 28
19 32
19 47
20 21
20 44
20 77
20 90
21 29
21 34
21 36
21 85
21 93
22 29
22 42
22 43
22 54
22 57
22 64
23 77
23 88
24 28
24 35
24 53
24 68
24 88
25 54
26 72
26 76
26 83
26 98
27 33
27 48
27 49
27 73
27 79
28 50
28 90
28 91
29 88
30 90
30 91
31 32
31 46
31 52
31 53
31 58
32 40
32 47
32 71
32 72
32 74
32 82
32 91
32 100
33 55
33 64
33 97
34 68
34 84
35 55
35 67
35 88
36 47
36 48
36 69
36 93
37 46
37 53
37 84
37 89
37 97
38 52
38 93
39 90
40 42
40 63
40 99
41 63
41 74
41 85
41 89
41 93
41 99
42 57
42 74
43 66
43 72
44 47
44 58
44 64
44 87
44 98
44 100
45 84
46 54
46 63
46 83
46 84
46 89
47 54
47 97
48 52
48 65
48 69
48 72
48 80
48 86
49 72
49 88
49 96
50 51
50 55
50 57
50 67
51 63
51 73
51 78
52 68
52 71
52 73
53 73
53 80
53 91
54 75
55 57
55 93
55 100
56 81
56 90
57 78
57 80
58 80
58 89
59 71
59 77
59 78
59 97
60 82
61 65
61 96
62 65
62 93
63 71
63 80
63 87
63 92
63 97
64 79
65 83
66 69
67 100
68 87
68 95
69 85
70 77
71 91
72 78
73 96
74 81
74 82
74 83
75 82
75 93
76 95
77 82
77 87
77 93
77 100
78 83
78 92
81 93
82 88
84 98
84 99
85 90
86 93
86 98
87 88
87 92
89 92
89 99
92 95
