7628
13587
12846
14653
8604
7632
13540
13540
8962
3262
13064
1145
12195
6392
1257
9687
14898
1866
14339
12134
7104
307
10549
2780
11394
14190
7750
7750
5569
10340
10282
9218
5556
6728
8110
917
6728
10379
8396
12454
761
9855
11355
13460
5613
1743
12308
4604
4567
763
8939
12154
1491
2425
3591
10176
6441
734
1343
6944
14804
4754
7025
2128
5693
2649
10566
3378
14467
10566
13850
1408
7854
12553
11753
8163
1532
10577
5586
10867
5323
4056
14445
1681
12019
174
5199
430
258
2928
5056
5589
4632
11092
9373
1607
2683
13936
10437
11373
6977
10841
1219
12503
1955
3291
2001
10817
8280
3116
14281
14281
12779
73
6294
5087
12801
8244
1795
4548
13394
13993
296
2055
2538
7530
14983
11329
9948
4031
7917
7923
2485
11062
3398
9589
11502
3069
876
3379
7158
4838
9014
8889
4996
6075
11428
7840
3437
4996
5292
9977
3967
9121
12683
14172
138
3375
11207
138
12064
13574
11380
6422
2021
512
5884
2761
7958
11677
5564
7068
7823
5729
1533
13333
13127
9788
7104
10368
6619
12564
11513
3593
1535
5261
1693
1693
6010
1291
13929
535
9786
3315
13600
9672
11641
9517
12956
3315
2904
8577
10877
1821
5389
3031
6611
6390
2782
9811
4996
3119
4397
9363
2981
5897
4724
6811
7583
12191
11986
9380
12366
2923
8296
5787
13959
4398
9586
6797
2188
8891
7457
5901
3610
8947
2794
982
4845
9436
4496
13906
3228
2475
12087
4810
4720
11907
13010
272
14560
14560
11907
11907
14005
13728
4760
9590
4350
7268
4008
4977
6886
4026
5935
10116
9699
8923
950
12485
13941
5988
2378
5461
4252
2348
10490
2540
7115
11809
10425
10425
2083
9008
14288
14288
639
11246
6521
6521
8596
3119
12206
7956
7603
790
6783
13110
8754
7897
1601
10245
13034
3602
2575
2575
11482
4337
7932
9639
9196
14693
14918
8222
2997
6341
7102
11347
7235
12084
3052
3871
1869
11336
7070
4503
284
5116
2893
3370
8586
1385
7305
9051
11002
7070
5157
4758
12378
5957
924
2276
12989
11242
5035
10076
10042
13996
13732
4784
6448
6448
11044
7371
4402
518
5977
12759
2081
2081
7461
10628
4689
13602
3361
5662
1203
7780
14191
8186
13938
6473
12459
9627
5752
5835
7403
5883
1483
5272
1805
11462
3034
9242
9452
11941
4944
14689
5395
5777
10966
5164
9060
11353
9331
8
3879
12154
11602
3005
9070
385
7950
5096
11699
10888
4689
2129
12848
9569
13810
9060
3324
13933
11893
1429
3509
11243
2546
8058
2574
8529
12866
4594
6642
14581
10208
1519
6288
10841
5270
5270
11575
3155
11001
9443
5124
5793
3651
10138
3596
5960
2727
14699
10283
10254
14013
14013
8555
1244
6106
11806
4688
14985
8616
1726
2546
1030
483
895
3261
6714
12876
4731
4287
14977
11514
14977
6627
12948
4263
2665
7542
3229
9954
10112
11496
5094
6876
13956
1855
2825
11028
9425
7394
12194
4411
13058
1450
274
11772
10746
8850
3200
12063
4274
10405
4135
8978
12205
3459
5138
4555
14012
11067
8806
3511
3511
11327
10128
6041
4376
3178
10312
4047
1906
4047
6684
14997
2666
10943
3178
4949
5652
6866
9630
6262
3378
4027
7084
3933
3075
5868
11577
14587
1790
1177
3332
5194
7041
6087
9836
4779
10682
7071
491
5056
5056
10546
13059
10628
10546
6050
6050
4492
13334
1634
3274
12360
2943
5454
7954
13891
1794
7954
8616
6522
1030
14063
5253
14533
14434
12479
5607
6723
10654
11887
5771
2337
1932
8574
6461
9360
8574
3381
14447
933
7653
9460
3009
3590
11502
5961
6752
14801
10984
14006
13798
3145
13645
14006
1513
10470
12128
6759
1346
7060
6785
14041
5063
722
233
3636
4723
12548
1132
5619
12989
11043
11655
3249
4377
5705
5705
9336
5119
9446
6702
13232
10056
13232
13732
2337
9572
4445
11727
11655
12306
6339
7190
1916
4840
12356
1916
972
13739
5134
3248
9511
2893
9565
13782
7712
3915
3915
6502
4287
948
9329
13832
14638
8437
4968
4138
11826
3464
11400
14526
2856
11701
4136
640
556
4435
10030
2820
3993
4711
3594
251
992
992
9889
3423
7101
13324
13720
14691
5445
5447
8568
8568
12721
2749
6582
12501
534
12338
11941
14504
7976
8871
6642
9688
3264
6278
229
13530
472
3182
13572
7072
9490
214
5753
232
12635
1504
14390
9208
8204
12471
7343
11517
13383
5646
2238
14915
3616
2333
11770
2217
2333
9974
8895
4742
735
7646
11391
8664
255
13736
6663
321
1360
4996
6742
5843
2614
12808
10436
8427
14095
9447
2372
12361
8328
3582
7457
2680
11904
7573
11206
9382
1680
1983
12371
1030
4883
4883
12100
1901
11034
11034
13210
11955
94
13437
12197
13831
12100
11943
11252
6457
7345
5606
5390
7345
10609
174
8626
8626
5058
1007
3157
1799
66
10380
337
9625
6998
1244
8850
4207
9391
13966
509
1384
7271
11740
11745
1624
4982
10236
9148
7761
6705
4535
10912
190
5825
1889
3473
3473
4357
14306
8223
14175
12774
11732
4615
4648
8852
13369
13960
5571
13564
12089
6018
13564
7022
13542
4024
3249
1082
10880
6310
14884
437
1798
3016
4928
3132
1121
13529
5453
3512
728
2001
5234
14636
13505
12959
14311
388
12394
7075
4248
9578
2433
10272
9573
7954
9588
9514
14074
1203
2329
13664
5953
3461
3187
10968
10744
5437
3167
8794
12345
9233
6242
14511
9197
5527
107
10837
10837
10420
13706
5024
7629
750
3455
14584
8413
6419
7050
8413
4398
2337
1761
833
12482
11235
3155
3700
13027
7573
5194
2479
10107
3155
4108
11127
1561
5167
353
3788
6350
11598
1535
4561
948
13977
2498
9484
10644
6133
4136
8225
4878
11759
2722
3834
5261
12661
8253
8641
4415
8641
6411
12661
14510
14510
12861
2275
8225
8854
1048
14890
